,path,distance
270,PILL/00093-0757-01_PART_1_OF_1_CHAL10_SB_AC2B561A.jpg,0.0
181,PILL/00093-0757-01_PART_1_OF_1_CHAL10_SF_AC2B561A.jpg,0.45156060226580913
12,PILL/00093-5118-98_PART_1_OF_1_CHAL10_SB_452D2299.jpg,1.7171712192214836
124,PILL/00093-5118-98_PART_1_OF_1_CHAL10_SF_452D2299.jpg,2.323365104554069
59,PILL/00093-5117-98_PART_1_OF_1_CHAL10_SB_522D2929.jpg,3.0618890468677806
177,PILL/00093-5117-98_PART_1_OF_1_CHAL10_SF_522D2929.jpg,3.2850398033519315
278,PILL/00093-0756-01_PART_1_OF_1_CHAL10_SB_A82B540A.jpg,7.844271206487833
293,PILL/00093-0756-01_PART_1_OF_1_CHAL10_SF_A82B540A.jpg,9.366180451398803
36,PILL/00093-7366-56_PART_1_OF_1_CHAL10_SB_B12FD8DE.jpg,16.229092337220184
71,PILL/00093-3160-06_PART_1_OF_1_CHAL10_SB_FB297DFB.jpg,20.687719356412856
266,PILL/00093-3160-06_PART_1_OF_1_CHAL10_SF_FB297DFB.jpg,26.579945896909223
120,PILL/00093-7248-06_PART_1_OF_1_CHAL10_SF_7829BC3D.jpg,27.43374240959368
7,PILL/00074-9189-90_PART_1_OF_1_CHAL10_SF_DF1DEFBF.jpg,28.066443110818916
9,PILL/00093-4030-01_PART_1_OF_1_CHAL10_SF_20271038.jpg,30.35798422576255
176,PILL/00093-7247-06_PART_1_OF_1_CHAL10_SF_7329B9CD.jpg,30.907679653472115
53,PILL/00093-5385-06_PART_1_OF_1_CHAL10_SF_FB27FDFF.jpg,32.05204554121661
171,PILL/00093-0756-01_PART_1_OF_1_CHAL10_SB_19268C94.jpg,32.06676696043031
67,PILL/00093-4030-01_PART_1_OF_1_CHAL10_SB_20271038.jpg,32.77764686870737
49,PILL/00093-0756-01_PART_1_OF_1_CHAL10_SF_19268C94.jpg,33.021455273023115
186,PILL/00074-9189-90_PART_1_OF_1_CHAL10_SB_DF1DEFBF.jpg,33.15259023543911
17,PILL/00093-2264-01_PART_1_OF_1_CHAL10_SF_DE296F5B.jpg,33.62472223409423
234,PILL/00093-2210-98_PART_1_OF_1_CHAL10_SB_B827DC6E.jpg,34.17249264468053
255,PILL/00093-5385-06_PART_1_OF_1_CHAL10_SB_FB27FDFF.jpg,34.50349012566494
189,PILL/00093-7334-01_PART_1_OF_1_CHAL10_SB_A929548A.jpg,34.53812172393699
25,PILL/00093-7285-89_PART_1_OF_1_CHAL10_SF_B62FDB4E.jpg,34.561036619653784
30,PILL/00085-1322-01_PART_1_OF_1_CHAL10_SF_CF07E78F.jpg,34.69067963608163
279,PILL/00093-1063-01_PART_1_OF_1_CHAL10_SF_A029D07E.jpg,34.72256640993054
98,PILL/00078-0360-34_PART_1_OF_1_CHAL10_SB_F015780B.jpg,34.791875500995246
209,PILL/00093-0576-06_PART_1_OF_1_CHAL10_SF_6026B005.jpg,34.81145475013213
78,PILL/00093-2275-34_PART_1_OF_1_CHAL10_SB_D82D6C1B.jpg,35.27940841340883
95,PILL/00078-0360-34_PART_1_OF_1_CHAL10_SF_F015780B.jpg,35.29798866784387
228,PILL/00093-4030-01_PART_1_OF_1_CHAL10_SF_04268274.jpg,35.38496716772834
114,PILL/00093-7243-06_PART_1_OF_1_CHAL10_SF_7B293DD9.jpg,35.54920309053957
79,PILL/00093-0755-06_PART_1_OF_1_CHAL10_SB_752B3AE9.jpg,35.883088269149965
86,PILL/00093-0576-06_PART_1_OF_1_CHAL10_SF_DB23EDBF.jpg,36.181584391847686
162,PILL/00093-0755-06_PART_1_OF_1_CHAL10_SF_752B3AE9.jpg,36.22403623562343
152,PILL/00093-3127-01_PART_1_OF_1_CHAL10_SF_C12DE08F.jpg,36.33592086596716
52,PILL/00093-0576-06_PART_1_OF_1_CHAL10_SB_6026B005.jpg,36.498074036397526
10,PILL/00093-7285-89_PART_1_OF_1_CHAL10_SB_B62FDB4E.jpg,36.71924549988943
203,PILL/00093-0576-06_PART_1_OF_1_CHAL10_SB_DB23EDBF.jpg,36.719362639349
29,PILL/00093-1063-01_PART_1_OF_1_CHAL10_SF_22269114.jpg,36.80268772464736
284,PILL/00093-4030-01_PART_1_OF_1_CHAL10_SB_04268274.jpg,37.51406659371295
37,PILL/00093-7334-01_PART_1_OF_1_CHAL10_SF_A929548A.jpg,37.676417913632164
57,PILL/00093-4059-53_PART_1_OF_1_CHAL10_SF_FD2D7EDB.jpg,37.71417597554476
273,PILL/00093-7243-06_PART_1_OF_1_CHAL10_SB_7B293DD9.jpg,37.78269900940285
23,PILL/00093-7214-98_PART_1_OF_1_CHAL10_SF_C929E4EF.jpg,38.17241789948239
56,PILL/00093-3193-01_PART_1_OF_1_CHAL10_SF_AD29569A.jpg,38.240676613127434
40,PILL/00093-7259-56_PART_1_OF_1_CHAL10_SB_B92FDCFE.jpg,38.3878441716016
224,PILL/00093-5036-01_PART_1_OF_1_CHAL10_SB_122D0978.jpg,38.43078593576532
69,PILL/00093-1087-01_PART_1_OF_1_CHAL10_SF_9E29CF5E.jpg,38.54657609850336
202,PILL/00093-7259-56_PART_1_OF_1_CHAL10_SF_B92FDCFE.jpg,38.54730160954449
33,PILL/00093-0734-01_PART_1_OF_1_CHAL10_SB_6C2B3609.jpg,38.6817120455029
233,PILL/00093-0734-01_PART_1_OF_1_CHAL10_SF_6C2B3609.jpg,38.97867725151869
50,PILL/00093-0734-01_PART_1_OF_1_CHAL10_SF_C022E017.jpg,39.00247704677232
146,PILL/00093-0711-01_PART_1_OF_1_CHAL10_SF_7E2B3F69.jpg,39.01286382488423
286,PILL/00093-1087-01_PART_1_OF_1_CHAL10_SB_9E29CF5E.jpg,39.28650429651244
122,PILL/00093-0734-01_PART_1_OF_1_CHAL10_SB_C022E017.jpg,39.29728175497026
274,PILL/00093-7202-98_PART_1_OF_1_CHAL10_SF_6323B1ED.jpg,39.63703646567822
151,PILL/00093-1893-01_PART_1_OF_1_CHAL10_SB_9C2B4E3A.jpg,39.663822287294195
218,PILL/00093-0670-06_PART_1_OF_1_CHAL10_SF_822B417A.jpg,39.78312126123755
230,PILL/00093-3127-01_PART_1_OF_1_CHAL10_SB_C12DE08F.jpg,40.00709769091075
19,PILL/00093-1893-01_PART_1_OF_1_CHAL10_SF_9C2B4E3A.jpg,40.12979628782769
251,PILL/00093-0711-01_PART_1_OF_1_CHAL10_SB_7E2B3F69.jpg,40.19432342751302
64,PILL/00093-5119-98_PART_1_OF_1_CHAL10_SB_492D24A9.jpg,40.200050509099455
281,PILL/00093-0924-01_PART_1_OF_1_CHAL10_SF_B729DBEE.jpg,40.41004575503381
128,PILL/00093-3125-01_PART_1_OF_1_CHAL10_SB_DD26EEA7.jpg,40.65681560396282
13,PILL/00093-7293-53_PART_1_OF_1_CHAL10_SB_871C43D2.jpg,40.85214074783753
178,PILL/00093-5119-98_PART_1_OF_1_CHAL10_SF_492D24A9.jpg,40.89521276101201
6,PILL/00093-7214-98_PART_1_OF_1_CHAL10_SB_C929E4EF.jpg,41.05566847823004
131,PILL/00093-3125-01_PART_1_OF_1_CHAL10_SF_DD26EEA7.jpg,41.08045505247175
172,PILL/00093-7258-56_PART_1_OF_1_CHAL10_SB_28301410.jpg,41.36269204026644
61,PILL/00093-3123-01_PART_1_OF_1_CHAL10_SF_EB26F597.jpg,41.400587428711574
119,PILL/00093-7258-56_PART_1_OF_1_CHAL10_SF_28301410.jpg,41.4283550276357
8,PILL/00093-7293-53_PART_1_OF_1_CHAL10_SF_871C43D2.jpg,41.56872666989116
166,PILL/00093-2268-01_PART_1_OF_1_CHAL10_SF_D5296ADB.jpg,41.58432655589355
46,PILL/00093-7202-98_PART_1_OF_1_CHAL10_SB_6323B1ED.jpg,41.81334774030655
264,PILL/00093-4443-01_PART_1_OF_1_CHAL10_SF_9E2D4F0A.jpg,42.166847483182764
123,PILL/00093-3195-01_PART_1_OF_1_CHAL10_SF_BF295F9A.jpg,42.50285257196367
42,PILL/00093-7270-98_PART_1_OF_1_CHAL10_SB_9027C85E.jpg,42.57825662607
44,PILL/00093-3171-01_PART_1_OF_1_CHAL10_SF_E626F327.jpg,42.65675880346517
280,PILL/00093-7248-06_PART_1_OF_1_CHAL10_SB_7829BC3D.jpg,42.82514722783344
145,PILL/00093-2263-01_PART_1_OF_1_CHAL10_SF_0029803C.jpg,42.9255301897242
28,PILL/00093-2263-01_PART_1_OF_1_CHAL10_SB_0029803C.jpg,42.9255301897242
206,PILL/00093-1118-01_PART_1_OF_1_CHAL10_SF_D32969BB.jpg,43.12622612386881
190,PILL/00093-7270-98_PART_1_OF_1_CHAL10_SF_9027C85E.jpg,43.17638533233647
199,PILL/00093-2264-01_PART_1_OF_1_CHAL10_SB_DE296F5B.jpg,43.265622839904836
182,PILL/00093-5116-01_PART_1_OF_1_CHAL10_SF_B92D5C8A.jpg,43.577542023792546
226,PILL/00093-4444-01_PART_1_OF_1_CHAL10_SF_B42D5A1A.jpg,43.60517888510349
83,PILL/00093-5290-56_PART_1_OF_1_CHAL10_SB_21281080.jpg,43.616327804321074
0,PILL/00093-4069-01_PART_1_OF_1_CHAL10_SB_E126F0B7.jpg,43.708397904517
239,PILL/00093-1006-01_PART_1_OF_1_CHAL10_SF_D729EBDF.jpg,43.77639435829692
149,PILL/00093-1118-01_PART_1_OF_1_CHAL10_SB_D32969BB.jpg,43.874192078307594
227,PILL/00093-1174-01_PART_1_OF_1_CHAL10_SF_B52B5AFA.jpg,43.87703529936336
22,PILL/00093-2275-34_PART_1_OF_1_CHAL10_SF_D82D6C1B.jpg,43.88176411674403
211,PILL/00093-0852-53_PART_1_OF_1_CHAL10_SB_2C241600.jpg,43.90745029903674
205,PILL/00093-7292-53_PART_1_OF_1_CHAL10_SB_781B3C09.jpg,43.92367086754534
102,PILL/00093-4069-01_PART_1_OF_1_CHAL10_SF_E126F0B7.jpg,44.0336011651209
92,PILL/00093-1025-06_PART_1_OF_1_CHAL10_SF_8A29C56E.jpg,44.08402429026075
125,PILL/00093-3171-01_PART_1_OF_1_CHAL10_SB_10268814.jpg,44.08933743622587
244,PILL/00093-7292-53_PART_1_OF_1_CHAL10_SF_781B3C09.jpg,44.21159449629902
106,PILL/00093-3129-01_PART_1_OF_1_CHAL10_SF_B32DD9FE.jpg,44.25720834447956
291,PILL/00093-2932-01_PART_1_OF_1_CHAL10_SF_DA296D4B.jpg,44.25727695471935
34,PILL/00093-2210-98_PART_1_OF_1_CHAL10_SF_B827DC6E.jpg,44.28855040304957
107,PILL/00093-7267-01_PART_1_OF_1_CHAL10_SB_DF2FEFEF.jpg,44.31067574007374
84,PILL/00093-5050-06_PART_1_OF_1_CHAL10_SF_992D4C9A.jpg,44.36397856520851
269,PILL/00093-5290-56_PART_1_OF_1_CHAL10_SF_21281080.jpg,44.36397856520851
252,PILL/00093-1006-01_PART_1_OF_1_CHAL10_SB_D729EBDF.jpg,44.46961851869629
248,PILL/00093-5050-06_PART_1_OF_1_CHAL10_SB_992D4C9A.jpg,44.486275993142726
216,PILL/00093-5116-01_PART_1_OF_1_CHAL10_SB_B92D5C8A.jpg,44.60264871365862
81,PILL/00093-2268-01_PART_1_OF_1_CHAL10_SB_D5296ADB.jpg,44.6367030075252
1,PILL/00093-1063-01_PART_1_OF_1_CHAL10_SB_A029D07E.jpg,44.643127485336294
89,PILL/00093-7113-06_PART_1_OF_1_CHAL10_SF_E029F05F.jpg,44.691700157282696
14,PILL/00093-7239-98_PART_1_OF_1_CHAL10_SB_A71DD3FE.jpg,44.719901433078725
287,PILL/00093-1025-06_PART_1_OF_1_CHAL10_SB_8A29C56E.jpg,44.729591992577575
85,PILL/00093-1015-01_PART_1_OF_1_CHAL10_SF_A929D4FE.jpg,44.79396189674717
99,PILL/00093-0670-06_PART_1_OF_1_CHAL10_SB_822B417A.jpg,44.82070968873515
237,PILL/00093-1049-98_PART_1_OF_1_CHAL10_SF_CE29E75F.jpg,44.85352687563912
183,PILL/00093-7267-01_PART_1_OF_1_CHAL10_SF_DF2FEFEF.jpg,44.89550726423977
80,PILL/00093-7158-06_PART_1_OF_1_CHAL10_SF_312B98DC.jpg,45.02165006054863
111,PILL/00093-7239-98_PART_1_OF_1_CHAL10_SF_A71DD3FE.jpg,45.094380618556556
73,PILL/00093-1177-01_PART_1_OF_1_CHAL10_SF_4F2B27C9.jpg,45.11948064167837
144,PILL/00093-1177-01_PART_1_OF_1_CHAL10_SB_4F2B27C9.jpg,45.11948064167837
179,PILL/00093-1049-98_PART_1_OF_1_CHAL10_SB_CE29E75F.jpg,45.19532639313192
290,PILL/00093-7212-01_PART_1_OF_1_CHAL10_SB_9F23CF8E.jpg,45.210214768330154
261,PILL/00093-4059-53_PART_1_OF_1_CHAL10_SB_FD2D7EDB.jpg,45.22292278989719
195,PILL/00093-7247-06_PART_1_OF_1_CHAL10_SB_7329B9CD.jpg,45.226796594677424
101,PILL/00093-0924-01_PART_1_OF_1_CHAL10_SB_B729DBEE.jpg,45.230296016731835
133,PILL/00093-1078-53_PART_1_OF_1_CHAL10_SF_8529C2FE.jpg,45.242984212304684
247,PILL/00093-5049-06_PART_1_OF_1_CHAL10_SB_A22D511A.jpg,45.25366151757578
232,PILL/00093-3171-01_PART_1_OF_1_CHAL10_SF_10268814.jpg,45.30424349640069
147,PILL/00093-1063-01_PART_1_OF_1_CHAL10_SB_22269114.jpg,45.32805319749587
188,PILL/00093-2274-34_PART_1_OF_1_CHAL10_SF_022D814C.jpg,45.329042106430734
263,PILL/00093-2274-34_PART_1_OF_1_CHAL10_SB_022D814C.jpg,45.329042106430734
96,PILL/00093-4237-01_PART_1_OF_1_CHAL10_SF_A323D19E.jpg,45.335672972733896
62,PILL/00093-5703-01_PART_1_OF_1_CHAL10_SB_7D2DBE9D.jpg,45.40738673132773
238,PILL/00078-0572-15_PART_1_OF_1_CHAL10_SB_381D9C4C.jpg,45.44081436482139
225,PILL/00093-4444-01_PART_1_OF_1_CHAL10_SB_B42D5A1A.jpg,45.52436852078773
207,PILL/00093-0148-01_PART_1_OF_1_CHAL10_SF_4629A34D.jpg,45.5425338956678
72,PILL/00093-4443-01_PART_1_OF_1_CHAL10_SB_9E2D4F0A.jpg,45.54995288041605
90,PILL/00093-7212-01_PART_1_OF_1_CHAL10_SF_9F23CF8E.jpg,45.63004736393754
5,PILL/00093-7286-89_PART_1_OF_1_CHAL10_SF_D62FEB6F.jpg,45.75271159346204
167,PILL/00093-0148-01_PART_1_OF_1_CHAL10_SB_4629A34D.jpg,45.7597976794368
235,PILL/00093-2931-01_PART_1_OF_1_CHAL10_SF_4A2B2559.jpg,45.77420096631394
21,PILL/00093-0149-01_PART_1_OF_1_CHAL10_SF_BA23DD0E.jpg,45.8280456300269
185,PILL/00093-7158-06_PART_1_OF_1_CHAL10_SB_312B98DC.jpg,45.8341960386168
118,PILL/00093-1078-53_PART_1_OF_1_CHAL10_SB_8529C2FE.jpg,45.98578602485883
246,PILL/00093-7212-01_PART_1_OF_1_CHAL10_SF_C92FE4DF.jpg,45.99714856813419
63,PILL/00093-7212-01_PART_1_OF_1_CHAL10_SB_C92FE4DF.jpg,46.056534813660654
153,PILL/00093-3129-01_PART_1_OF_1_CHAL10_SB_B32DD9FE.jpg,46.122853918404054
221,PILL/00093-0537-01_PART_1_OF_1_CHAL10_SB_942B4A7A.jpg,46.13167287910063
215,PILL/00093-0778-01_PART_1_OF_1_CHAL10_SF_4D2926C9.jpg,46.16550066072281
68,PILL/00093-7147-56_PART_1_OF_1_CHAL10_SF_432BA1DD.jpg,46.168709708286315
87,PILL/00093-0537-01_PART_1_OF_1_CHAL10_SF_942B4A7A.jpg,46.28424079489252
241,PILL/00093-5105-56_PART_1_OF_1_CHAL10_SF_102D880C.jpg,46.32649427255637
48,PILL/00093-5502-01_PART_1_OF_1_CHAL10_SB_742DBA1D.jpg,46.381128520525664
24,PILL/00093-4237-01_PART_1_OF_1_CHAL10_SB_2B2D958C.jpg,46.39011178710485
282,PILL/00093-1015-01_PART_1_OF_1_CHAL10_SB_A929D4FE.jpg,46.4113997340607
258,PILL/00093-0149-01_PART_1_OF_1_CHAL10_SB_BA23DD0E.jpg,46.47524536928956
139,PILL/00093-7180-01_PART_1_OF_1_CHAL10_SF_482BA47D.jpg,46.650928939909015
51,PILL/00093-7147-56_PART_1_OF_1_CHAL10_SB_432BA1DD.jpg,46.734700578587116
257,PILL/00093-1174-01_PART_1_OF_1_CHAL10_SB_B52B5AFA.jpg,46.734700578587116
229,PILL/00093-5703-01_PART_1_OF_1_CHAL10_SF_7D2DBE9D.jpg,46.73911943711752
58,PILL/00093-2131-01_PART_1_OF_1_CHAL10_SF_E729F3BF.jpg,46.92886335747834
76,PILL/00093-7180-01_PART_1_OF_1_CHAL10_SB_482BA47D.jpg,47.091681649120645
142,PILL/00093-0149-01_PART_1_OF_1_CHAL10_SF_2629932C.jpg,47.10246356319407
65,PILL/00093-7181-01_PART_1_OF_1_CHAL10_SF_2D2B96CC.jpg,47.125772790746815
271,PILL/00093-7181-01_PART_1_OF_1_CHAL10_SB_2D2B96CC.jpg,47.26735893314387
27,PILL/00078-0572-15_PART_1_OF_1_CHAL10_SF_381D9C4C.jpg,47.28292849165633
159,PILL/00093-3010-84_PART_1_OF_1_CHAL10_SB_F72CFBF7.jpg,47.31515859980191
210,PILL/00093-0149-01_PART_1_OF_1_CHAL10_SB_2629932C.jpg,47.41315226439003
169,PILL/00093-2270-34_PART_1_OF_1_CHAL10_SB_E12D70FB.jpg,47.52794549943755
288,PILL/00093-7286-89_PART_1_OF_1_CHAL10_SB_D62FEB6F.jpg,47.56165079371711
121,PILL/00093-4237-01_PART_1_OF_1_CHAL10_SB_A323D19E.jpg,47.650415198206524
127,PILL/00093-7294-01_PART_1_OF_1_CHAL10_SB_812F40CA.jpg,47.72757836285508
240,PILL/00093-2272-34_PART_1_OF_1_CHAL10_SF_DD2D6EBB.jpg,47.740070130789974
74,PILL/00093-5502-01_PART_1_OF_1_CHAL10_SF_742DBA1D.jpg,47.763604845827075
194,PILL/00093-7208-56_PART_1_OF_1_CHAL10_SB_E42FF25F.jpg,47.856058100412525
126,PILL/00093-3010-84_PART_1_OF_1_CHAL10_SF_F72CFBF7.jpg,47.8612288869277
197,PILL/00093-5247-65_PART_1_OF_1_CHAL10_SF_8F26C7D6.jpg,47.9213667687662
245,PILL/00093-7113-06_PART_1_OF_1_CHAL10_SB_E029F05F.jpg,47.98490544666999
243,PILL/00093-4237-01_PART_1_OF_1_CHAL10_SF_2B2D958C.jpg,48.029441115566534
275,PILL/00093-0147-01_PART_1_OF_1_CHAL10_SF_212990BC.jpg,48.03375765848126
112,PILL/00093-2272-34_PART_1_OF_1_CHAL10_SB_DD2D6EBB.jpg,48.10246404389914
193,PILL/00093-2932-01_PART_1_OF_1_CHAL10_SB_DA296D4B.jpg,48.301827995946255
191,PILL/00093-7305-65_PART_1_OF_1_CHAL10_SB_7C2F3E59.jpg,48.354175112144254
184,PILL/00093-3171-01_PART_1_OF_1_CHAL10_SB_E626F327.jpg,48.42647579812077
82,PILL/00093-2270-34_PART_1_OF_1_CHAL10_SF_E12D70FB.jpg,48.44356372742923
70,PILL/00093-7121-98_PART_1_OF_1_CHAL10_SF_5D2BAE9D.jpg,48.481612424818294
187,PILL/00093-0778-01_PART_1_OF_1_CHAL10_SB_4D2926C9.jpg,48.514978589516986
173,PILL/00093-7121-98_PART_1_OF_1_CHAL10_SB_5D2BAE9D.jpg,48.52854960695817
276,PILL/00093-7208-56_PART_1_OF_1_CHAL10_SF_E42FF25F.jpg,48.83969780087945
201,PILL/00093-5036-01_PART_1_OF_1_CHAL10_SF_122D0978.jpg,48.90241599960442
161,PILL/00093-7182-01_PART_1_OF_1_CHAL10_SF_362B9B4C.jpg,49.06681164709747
54,PILL/00093-2131-01_PART_1_OF_1_CHAL10_SB_E729F3BF.jpg,49.13550966173891
130,PILL/00093-7182-01_PART_1_OF_1_CHAL10_SB_362B9B4C.jpg,49.29297871348113
217,PILL/00093-7294-01_PART_1_OF_1_CHAL10_SF_812F40CA.jpg,49.59614174465959
104,PILL/00093-7305-65_PART_1_OF_1_CHAL10_SF_7C2F3E59.jpg,49.78607581873322
129,PILL/00093-0147-01_PART_1_OF_1_CHAL10_SB_212990BC.jpg,49.82857118120703
160,PILL/00093-3109-53_PART_1_OF_1_CHAL10_SF_C819644B.jpg,49.91238387435888
192,PILL/00093-0320-01_PART_1_OF_1_CHAL10_SB_702B3819.jpg,49.929422566821344
117,PILL/00093-5256-68_PART_1_OF_1_CHAL10_SF_15268A84.jpg,49.98810819988464
220,PILL/00093-7244-06_PART_1_OF_1_CHAL10_SB_CD2FE6EF.jpg,50.06994084506956
38,PILL/00093-7219-06_PART_1_OF_1_CHAL10_SF_72293959.jpg,50.07023113069659
214,PILL/00093-7244-06_PART_1_OF_1_CHAL10_SF_CD2FE6EF.jpg,50.106420307163354
77,PILL/00093-0320-01_PART_1_OF_1_CHAL10_SF_702B3819.jpg,50.15086210041481
170,PILL/00093-3167-53_PART_1_OF_1_CHAL10_SF_F7267B83.jpg,50.384437350930234
18,PILL/00093-7338-01_PART_1_OF_1_CHAL10_SF_642D3229.jpg,50.544691785405824
219,PILL/00093-5256-68_PART_1_OF_1_CHAL10_SF_8727C3AE.jpg,50.652465498721234
100,PILL/00093-7155-56_PART_1_OF_1_CHAL10_SF_A227D15E.jpg,50.75563566872487
110,PILL/00093-0812-01_PART_1_OF_1_CHAL10_SF_2D2316D8.jpg,50.8437273690976
47,PILL/00093-7219-06_PART_1_OF_1_CHAL10_SB_72293959.jpg,50.858636785813104
35,PILL/00093-7336-06_PART_1_OF_1_CHAL10_SF_FA26FD17.jpg,50.89625331336265
16,PILL/00093-5247-65_PART_1_OF_1_CHAL10_SB_8F26C7D6.jpg,51.01824093375267
198,PILL/00093-4234-01_PART_1_OF_1_CHAL10_SF_292D1488.jpg,51.084256085387025
32,PILL/00078-0574-15_PART_1_OF_1_CHAL10_SB_3E1D9F4C.jpg,51.17988735178843
163,PILL/00093-3109-53_PART_1_OF_1_CHAL10_SB_C819644B.jpg,51.2538143783453
39,PILL/00093-3002-56_PART_1_OF_1_CHAL10_SF_0D2986FC.jpg,51.66953988453612
174,PILL/00078-0574-15_PART_1_OF_1_CHAL10_SF_3E1D9F4C.jpg,51.8602472777502
285,PILL/00093-7242-06_PART_1_OF_1_CHAL10_SF_76293B69.jpg,51.930192246811124
11,PILL/00093-3167-53_PART_1_OF_1_CHAL10_SB_F7267B83.jpg,51.9952162627707
180,PILL/00093-4234-01_PART_1_OF_1_CHAL10_SB_292D1488.jpg,52.023776108292324
138,PILL/00093-3196-53_PART_1_OF_1_CHAL10_SF_C52DE2FF.jpg,52.10763488114624
289,PILL/00093-5256-68_PART_1_OF_1_CHAL10_SB_15268A84.jpg,52.50360930030491
212,PILL/00093-5256-68_PART_1_OF_1_CHAL10_SB_8727C3AE.jpg,52.54838891223076
200,PILL/00093-1016-01_PART_1_OF_1_CHAL10_SF_BA29DD0E.jpg,52.70347072766411
109,PILL/00093-0174-56_PART_1_OF_1_CHAL10_SF_96294B5A.jpg,52.89477667789509
196,PILL/00093-7155-98_PART_1_OF_1_CHAL10_SF_4A21A50D.jpg,52.92714515666926
60,PILL/00093-1016-01_PART_1_OF_1_CHAL10_SB_BA29DD0E.jpg,52.95933933093529
136,PILL/00093-3002-56_PART_1_OF_1_CHAL10_SB_0D2986FC.jpg,53.05307735016144
2,PILL/00078-0486-15_PART_1_OF_1_CHAL10_SB_E61D736B.jpg,53.058862543541615
164,PILL/00093-7287-89_PART_1_OF_1_CHAL10_SF_D22FE95F.jpg,53.078310209789564
137,PILL/00078-0359-34_PART_1_OF_1_CHAL10_SB_EC15765B.jpg,53.18672419101729
253,PILL/00093-7155-56_PART_1_OF_1_CHAL10_SB_A227D15E.jpg,53.406965900368746
157,PILL/00078-0486-15_PART_1_OF_1_CHAL10_SF_E61D736B.jpg,53.503776023075936
150,PILL/00093-3196-53_PART_1_OF_1_CHAL10_SB_C52DE2FF.jpg,53.663377199515395
134,PILL/00078-0359-34_PART_1_OF_1_CHAL10_SF_EC15765B.jpg,53.691091664082776
43,PILL/00093-2060-98_PART_1_OF_1_CHAL10_SB_072983CC.jpg,53.7483620976207
158,PILL/00093-7242-06_PART_1_OF_1_CHAL10_SB_76293B69.jpg,54.017072544149826
213,PILL/00093-2060-98_PART_1_OF_1_CHAL10_SF_072983CC.jpg,54.19136456656032
208,PILL/00093-7155-98_PART_1_OF_1_CHAL10_SB_4A21A50D.jpg,54.2276057535773
4,PILL/00093-7227-72_PART_1_OF_1_CHAL10_SF_CC306663.jpg,54.28807047084041
222,PILL/00093-5215-01_PART_1_OF_1_CHAL10_SF_562BAB0D.jpg,54.91671444732205
141,PILL/00093-5215-01_PART_1_OF_1_CHAL10_SB_562BAB0D.jpg,54.958834455927445
268,PILL/00093-7220-06_PART_1_OF_1_CHAL10_SB_692934D9.jpg,55.25134495982597
3,PILL/00093-0926-06_PART_1_OF_1_CHAL10_SF_9826CC56.jpg,55.33045190670986
165,PILL/00093-7220-06_PART_1_OF_1_CHAL10_SF_692934D9.jpg,55.77492643315057
277,PILL/00093-7287-89_PART_1_OF_1_CHAL10_SB_D22FE95F.jpg,56.19426683889732
97,PILL/00093-0983-01_PART_1_OF_1_CHAL10_SB_7A29BD5D.jpg,56.66505909653758
265,PILL/00093-0983-01_PART_1_OF_1_CHAL10_SF_7A29BD5D.jpg,57.294724640288955
41,PILL/00093-7157-06_PART_1_OF_1_CHAL10_SF_4D2BA68D.jpg,58.17829658757024
108,PILL/00093-7157-06_PART_1_OF_1_CHAL10_SB_4D2BA68D.jpg,58.84642499427554
20,PILL/00093-5711-01_PART_1_OF_1_CHAL10_SB_3A2B9D5C.jpg,59.01078837147078
135,PILL/00074-3020-11_PART_1_OF_1_CHAL10_SB_E01D703B.jpg,59.16278532634411
91,PILL/00074-3020-11_PART_1_OF_1_CHAL10_SF_E01D703B.jpg,59.16278532634411
204,PILL/00093-5711-01_PART_1_OF_1_CHAL10_SF_3A2B9D5C.jpg,59.22697979061528
154,PILL/00093-7156-56_PART_1_OF_1_CHAL10_SF_DF27EF8F.jpg,59.445388709614335
242,PILL/00093-0892-01_PART_1_OF_1_CHAL10_SF_A32B519A.jpg,59.728836015447996
15,PILL/00093-0892-01_PART_1_OF_1_CHAL10_SB_A32B519A.jpg,59.728836015447996
155,PILL/00093-7156-56_PART_1_OF_1_CHAL10_SB_DF27EF8F.jpg,60.17736437688789
55,PILL/00093-7207-56_PART_1_OF_1_CHAL10_SB_E62FF37F.jpg,60.952108416973886
259,PILL/00093-7207-56_PART_1_OF_1_CHAL10_SF_E62FF37F.jpg,62.26560994673897
175,PILL/00093-5712-01_PART_1_OF_1_CHAL10_SF_242B924C.jpg,62.70538262153374
88,PILL/00093-5712-01_PART_1_OF_1_CHAL10_SB_242B924C.jpg,63.052270754440265
260,PILL/00074-3290-13_PART_1_OF_1_CHAL10_SF_EC1D766B.jpg,64.82419735563238
132,PILL/00093-1077-01_PART_1_OF_1_CHAL10_SF_60293059.jpg,64.88479384095437
31,PILL/00074-3290-13_PART_1_OF_1_CHAL10_SB_EC1D766B.jpg,66.1025478295721
231,PILL/00093-7146-18_PART_1_OF_1_CHAL10_SB_5D242E91.jpg,67.32142543502783
75,PILL/00093-1077-01_PART_1_OF_1_CHAL10_SB_60293059.jpg,67.37006694515992
272,PILL/00093-7146-18_PART_1_OF_1_CHAL10_SF_5D242E91.jpg,68.1065840058688
143,PILL/00093-7169-56_PART_1_OF_1_CHAL10_SB_1F2B8FDC.jpg,68.99750126573947
45,PILL/00093-7169-56_PART_1_OF_1_CHAL10_SF_1F2B8FDC.jpg,69.36509705142402
26,PILL/00093-7146-56_PART_1_OF_1_CHAL10_SF_282B945C.jpg,69.86428744352283
250,PILL/00093-0948-01_PART_1_OF_1_CHAL10_SF_272B1388.jpg,70.46368205709501
256,PILL/00093-7146-56_PART_1_OF_1_CHAL10_SB_282B945C.jpg,72.52543568226628
292,PILL/00093-0948-01_PART_1_OF_1_CHAL10_SB_272B1388.jpg,72.75092968910384
156,PILL/00093-1122-01_PART_1_OF_1_CHAL10_SB_CC29665B.jpg,73.12038214810735
254,PILL/00093-1122-01_PART_1_OF_1_CHAL10_SF_CC29665B.jpg,73.26208039998961
103,PILL/00093-0321-01_PART_1_OF_1_CHAL10_SB_902B486A.jpg,74.04127848682035
223,PILL/00093-0321-01_PART_1_OF_1_CHAL10_SF_902B486A.jpg,74.4987559535449
105,PILL/00093-0813-01_PART_1_OF_1_CHAL10_SF_D626EB47.jpg,74.53104765638224
94,PILL/00093-0319-01_PART_1_OF_1_CHAL10_SB_792B3CF9.jpg,76.28418974346619
116,PILL/00093-0319-01_PART_1_OF_1_CHAL10_SF_792B3CF9.jpg,76.397168716191
283,PILL/00093-0813-01_PART_1_OF_1_CHAL10_SF_2D2316A8.jpg,79.76072566068846
93,PILL/00093-0813-01_PART_1_OF_1_CHAL10_SB_2D2316A8.jpg,80.9042067892307
148,PILL/00093-0813-01_PART_1_OF_1_CHAL10_SB_D626EB47.jpg,81.70164733629103
168,PILL/00093-4068-01_PART_1_OF_1_CHAL10_SF_CC26E637.jpg,88.70072724787954
66,PILL/00093-3147-01_PART_1_OF_1_CHAL10_SF_24231258.jpg,89.83021947357331
267,PILL/00093-4068-01_PART_1_OF_1_CHAL10_SB_CC26E637.jpg,90.38637236085927
249,PILL/00093-3147-01_PART_1_OF_1_CHAL10_SB_24231258.jpg,90.5842389766361
115,PILL/00093-3147-01_PART_1_OF_1_CHAL10_SF_C51962CB.jpg,92.62985021068427
262,PILL/00093-3147-01_PART_1_OF_1_CHAL10_SB_C51962CB.jpg,93.89239675731423
113,PILL/00093-2075-01_PART_1_OF_1_CHAL10_SF_C326E187.jpg,97.79509774644673
236,PILL/00093-2075-01_PART_1_OF_1_CHAL10_SB_C326E187.jpg,97.91399849040316
140,PILL/00093-7198-56_PART_1_OF_1_CHAL10_SF_C429620B.jpg,99.35119997620782
